seg_file,file,seg_idx,pred,proba_B,proba_IR,proba_N,proba_OR
第3问/outputs/target_segments_wave/A_seg0.npy,A,0,B,0.7470151126678081,0.0021744215862398854,0.2454393778786514,0.005371087867300537
第3问/outputs/target_segments_wave/A_seg1.npy,A,1,B,0.7469906936529954,0.0022617815525800113,0.24543135476412212,0.005316170030302347
第3问/outputs/target_segments_wave/A_seg2.npy,A,2,B,0.7427310797927463,0.0020733036128591812,0.24964494157385386,0.005550675020540723
第3问/outputs/target_segments_wave/A_seg3.npy,A,3,B,0.764672735420437,0.0021401007290470656,0.2277457469589991,0.005441416891516797
第3问/outputs/target_segments_wave/A_seg4.npy,A,4,B,0.748783884364267,0.00220882177202194,0.24222551774518072,0.006781776118530276
第3问/outputs/target_segments_wave/A_seg5.npy,A,5,B,0.7215134396402443,0.0022570417666178985,0.26952289926146245,0.006706619331675428
第3问/outputs/target_segments_wave/A_seg6.npy,A,6,B,0.764672735420437,0.0021401007290470656,0.2277457469589991,0.005441416891516797
第3问/outputs/target_segments_wave/A_seg7.npy,A,7,B,0.7424752544209458,0.0020753161540834433,0.24988727016153886,0.00556215926343206
第3问/outputs/target_segments_wave/A_seg8.npy,A,8,B,0.72617463197456,0.0023200567316229424,0.26632761832532603,0.0051776929684909335
第3问/outputs/target_segments_wave/A_seg9.npy,A,9,B,0.7123858499745341,0.0024972203161514888,0.2784280771131372,0.006688852596177094
第3问/outputs/target_segments_wave/A_seg10.npy,A,10,B,0.7123858499745341,0.0024972203161514888,0.2784280771131372,0.006688852596177094
第3问/outputs/target_segments_wave/A_seg11.npy,A,11,B,0.7507963775487381,0.002191126893050279,0.24028504827198027,0.0067274472862313955
第3问/outputs/target_segments_wave/A_seg12.npy,A,12,B,0.7566554751144506,0.0022141846295702394,0.235484398926107,0.005645941329872107
第3问/outputs/target_segments_wave/A_seg13.npy,A,13,B,0.748710693400777,0.002038296117745743,0.24200853150914656,0.007242478972330598
第3问/outputs/target_segments_wave/A_seg14.npy,A,14,B,0.7527983714540896,0.0024320296066794866,0.23878435167398165,0.005985247265249288
第3问/outputs/target_segments_wave/A_seg15.npy,A,15,B,0.7317776694579875,0.002643799322094905,0.2564638210072432,0.009114710212674553
第3问/outputs/target_segments_wave/A_seg16.npy,A,16,B,0.7669797179696065,0.0021191206906983552,0.22551308826209598,0.005388073077599133
第3问/outputs/target_segments_wave/A_seg17.npy,A,17,B,0.763024976034685,0.0021562691585766815,0.22932493521503988,0.005493819591698497
第3问/outputs/target_segments_wave/A_seg18.npy,A,18,B,0.7251968835012548,0.0022300950325347913,0.2663516574251597,0.006221364041050635
第3问/outputs/target_segments_wave/A_seg19.npy,A,19,B,0.7465486628822703,0.0020609849619844752,0.24545056773107218,0.005939784424673042
第3问/outputs/target_segments_wave/A_seg20.npy,A,20,B,0.7122430025457788,0.0024967195741712675,0.27837224678620087,0.006888031093849087
第3问/outputs/target_segments_wave/A_seg21.npy,A,21,B,0.7139983652902189,0.002240646058577334,0.2758927214121995,0.007868267239004405
第3问/outputs/target_segments_wave/A_seg22.npy,A,22,B,0.7894931904772087,0.0020476765212476887,0.20165707978617345,0.0068020532153702275
第3问/outputs/target_segments_wave/A_seg23.npy,A,23,B,0.7897993530597696,0.0019955596521832675,0.2029879295669162,0.005217157721130772
第3问/outputs/target_segments_wave/A_seg24.npy,A,24,B,0.7122430025457788,0.0024967195741712675,0.27837224678620087,0.006888031093849087
第3问/outputs/target_segments_wave/A_seg25.npy,A,25,B,0.7793407610934617,0.0021174730564138757,0.21325028984812713,0.005291476001997315
第3问/outputs/target_segments_wave/A_seg26.npy,A,26,B,0.7123858499745341,0.0024972203161514888,0.2784280771131372,0.006688852596177094
第3问/outputs/target_segments_wave/A_seg27.npy,A,27,B,0.7192875437640296,0.002388740841263778,0.2723493413822002,0.005974374012506443
第3问/outputs/target_segments_wave/A_seg28.npy,A,28,B,0.746703013139991,0.0024956505523064266,0.2434063377913574,0.007394998516345266
第3问/outputs/target_segments_wave/A_seg29.npy,A,29,B,0.752008464794344,0.0022352274736866487,0.23958056165229757,0.006175746079671919
第3问/outputs/target_segments_wave/A_seg30.npy,A,30,B,0.7627414767767536,0.0021577185621039345,0.22962060569572873,0.005480198965413848
第3问/outputs/target_segments_wave/A_seg31.npy,A,31,B,0.7783904192123527,0.002027130153799382,0.21340570975197884,0.006176740881868982
第3问/outputs/target_segments_wave/A_seg32.npy,A,32,B,0.750909817459801,0.002439378586564116,0.23993395096829098,0.0067168529853437135
第3问/outputs/target_segments_wave/A_seg33.npy,A,33,B,0.7309311163182894,0.0021818574253512735,0.2605448192201661,0.006342207036193288
第3问/outputs/target_segments_wave/A_seg34.npy,A,34,B,0.7419187488319258,0.002077885003902691,0.2501965834522022,0.005806782711969334
第3问/outputs/target_segments_wave/A_seg35.npy,A,35,B,0.7037336701182969,0.0024499089553932083,0.2854390490124674,0.008377371913842342
第3问/outputs/target_segments_wave/A_seg36.npy,A,36,B,0.764672735420437,0.0021401007290470656,0.2277457469589991,0.005441416891516797
第3问/outputs/target_segments_wave/A_seg37.npy,A,37,B,0.69009989022128,0.002656803073315758,0.29980073484934466,0.007442571856059412
第3问/outputs/target_segments_wave/A_seg38.npy,A,38,B,0.7005367284008431,0.0026109830846490624,0.2897431773084367,0.007109111206071017
第3问/outputs/target_segments_wave/A_seg39.npy,A,39,B,0.7372514122803489,0.0023483055264097255,0.2548202792128066,0.005580002980434899
第3问/outputs/target_segments_wave/A_seg40.npy,A,40,B,0.7469906936529954,0.0022617815525800113,0.24543135476412212,0.005316170030302347
第3问/outputs/target_segments_wave/A_seg41.npy,A,41,B,0.7470631128964511,0.0021103052717270773,0.2454551488397155,0.005371432992106341
第3问/outputs/target_segments_wave/A_seg42.npy,A,42,B,0.7100996058743619,0.0026328919854953503,0.28120975368243256,0.006057748457710009
第3问/outputs/target_segments_wave/A_seg43.npy,A,43,B,0.7585411123830922,0.0022024046127191495,0.2336208639040957,0.0056356191000929146
第3问/outputs/target_segments_wave/A_seg44.npy,A,44,B,0.7366731585622216,0.002128975232828471,0.2548939767677326,0.006303889437217385
第3问/outputs/target_segments_wave/A_seg45.npy,A,45,B,0.7434556316932881,0.002195443302209689,0.2485305032940298,0.005818421710472337
第3问/outputs/target_segments_wave/A_seg46.npy,A,46,B,0.7098736850090577,0.0025790675560053945,0.2806887203818332,0.00685852705310372
第3问/outputs/target_segments_wave/A_seg47.npy,A,47,B,0.7068543375767216,0.0025546955655370704,0.28345711919206706,0.007133847665674369
第3问/outputs/target_segments_wave/A_seg48.npy,A,48,B,0.7470131736606993,0.0022618496188453055,0.24543874079823574,0.0052862359222195215
第3问/outputs/target_segments_wave/A_seg49.npy,A,49,B,0.764672735420437,0.0021401007290470656,0.2277457469589991,0.005441416891516797
第3问/outputs/target_segments_wave/A_seg50.npy,A,50,B,0.7313284114087367,0.0024742130529838485,0.2582298399535714,0.007967535584708066
第3问/outputs/target_segments_wave/A_seg51.npy,A,51,B,0.7411099005469156,0.002462767013056366,0.2498248746357762,0.006602457804251825
第3问/outputs/target_segments_wave/A_seg52.npy,A,52,B,0.7122430025457788,0.0024967195741712675,0.27837224678620087,0.006888031093849087
第3问/outputs/target_segments_wave/A_seg53.npy,A,53,B,0.7122430025457788,0.0024967195741712675,0.27837224678620087,0.006888031093849087
第3问/outputs/target_segments_wave/A_seg54.npy,A,54,B,0.761867033944302,0.0021664756020309483,0.23041041750495514,0.005556072948711731
第3问/outputs/target_segments_wave/A_seg55.npy,A,55,B,0.764672735420437,0.0021401007290470656,0.2277457469589991,0.005441416891516797
第3问/outputs/target_segments_wave/A_seg56.npy,A,56,B,0.7599437398331402,0.002194196182733376,0.23222865655884523,0.0056334074252811376
第3问/outputs/target_segments_wave/A_seg57.npy,A,57,B,0.7361681732314915,0.0020838656317527927,0.2555936818722181,0.006154279264537659
第3问/outputs/target_segments_wave/A_seg58.npy,A,58,B,0.7632492280510501,0.00211868722046131,0.22910743173071133,0.005524652997777105
第3问/outputs/target_segments_wave/A_seg59.npy,A,59,B,0.7485653251301958,0.0022054425721973387,0.24239805739696904,0.006831174900637744
第3问/outputs/target_segments_wave/A_seg60.npy,A,60,B,0.7741299941288473,0.0021665688968254384,0.21819472215926794,0.005508714815059335
第3问/outputs/target_segments_wave/A_seg61.npy,A,61,B,0.764672735420437,0.0021401007290470656,0.2277457469589991,0.005441416891516797
第3问/outputs/target_segments_wave/A_seg62.npy,A,62,B,0.7577843948447603,0.0018932354653857476,0.23452259191913793,0.005799777770715958
第3问/outputs/target_segments_wave/A_seg63.npy,A,63,B,0.764672735420437,0.0021401007290470656,0.2277457469589991,0.005441416891516797
第3问/outputs/target_segments_wave/A_seg64.npy,A,64,B,0.8415514619432858,0.0011975435782485345,0.15361246173496224,0.0036385327435034124
第3问/outputs/target_segments_wave/A_seg65.npy,A,65,B,0.7741299941288473,0.0021665688968254384,0.21819472215926794,0.005508714815059335
第3问/outputs/target_segments_wave/A_seg66.npy,A,66,B,0.7507963775487381,0.002191126893050279,0.24028504827198027,0.0067274472862313955
第3问/outputs/target_segments_wave/A_seg67.npy,A,67,B,0.7176834343604892,0.0022458073240940895,0.27217569711613465,0.007895061199281982
第3问/outputs/target_segments_wave/A_seg68.npy,A,68,B,0.763024976034685,0.0021562691585766815,0.22932493521503988,0.005493819591698497
第3问/outputs/target_segments_wave/A_seg69.npy,A,69,B,0.7741299941288473,0.0021665688968254384,0.21819472215926794,0.005508714815059335
第3问/outputs/target_segments_wave/A_seg70.npy,A,70,B,0.7469824083159495,0.002035968979951883,0.24514950627290902,0.005832116431189481
第3问/outputs/target_segments_wave/A_seg71.npy,A,71,B,0.7068067517829457,0.002606330949814219,0.28365588853671364,0.00693102873052657
第3问/outputs/target_segments_wave/A_seg72.npy,A,72,B,0.7123858499745341,0.0024972203161514888,0.2784280771131372,0.006688852596177094
第3问/outputs/target_segments_wave/A_seg73.npy,A,73,B,0.764672735420437,0.0021401007290470656,0.2277457469589991,0.005441416891516797
第3问/outputs/target_segments_wave/A_seg74.npy,A,74,B,0.7417084547745683,0.002077296035273874,0.25012566617891047,0.0060885830112473675
第3问/outputs/target_segments_wave/A_seg75.npy,A,75,B,0.7265198849344381,0.0021773184147530055,0.26365490011216974,0.007647896538639051
第3问/outputs/target_segments_wave/A_seg76.npy,A,76,B,0.7122430025457788,0.0024967195741712675,0.27837224678620087,0.006888031093849087
第3问/outputs/target_segments_wave/A_seg77.npy,A,77,B,0.7097601692807362,0.0022612890811270292,0.28075458790052144,0.007223953737615402
第3问/outputs/target_segments_wave/A_seg78.npy,A,78,B,0.7741299941288473,0.0021665688968254384,0.21819472215926794,0.005508714815059335
第3问/outputs/target_segments_wave/A_seg79.npy,A,79,B,0.7297670958531205,0.0020997485863191207,0.26069822472804444,0.007434930832515893
第3问/outputs/target_segments_wave/A_seg80.npy,A,80,B,0.7110689439833734,0.0020822584600876494,0.2788038020741881,0.008044995482350865
第3问/outputs/target_segments_wave/A_seg81.npy,A,81,B,0.7122430025457788,0.0024967195741712675,0.27837224678620087,0.006888031093849087
第3问/outputs/target_segments_wave/A_seg82.npy,A,82,B,0.7712260946110472,0.0020994280100433494,0.2192306029827449,0.007443874396164404
第3问/outputs/target_segments_wave/A_seg83.npy,A,83,B,0.8464333894020982,0.001355784232611436,0.1483696003107796,0.0038412260545107237
第3问/outputs/target_segments_wave/A_seg84.npy,A,84,B,0.7317683468926585,0.002783010155608283,0.2564605537570583,0.008988089194674767
第3问/outputs/target_segments_wave/A_seg85.npy,A,85,B,0.739549444333669,0.0026253725169510292,0.25018405602103827,0.007641127128341667
第3问/outputs/target_segments_wave/A_seg86.npy,A,86,B,0.710182903018779,0.002516347483200917,0.2805606644174088,0.006740085080611327
第3问/outputs/target_segments_wave/A_seg87.npy,A,87,B,0.7068256480564375,0.00244076974440316,0.2834456143482281,0.007287967850931274
第3问/outputs/target_segments_wave/A_seg88.npy,A,88,B,0.7470131736606993,0.0022618496188453055,0.24543874079823574,0.0052862359222195215
第3问/outputs/target_segments_wave/A_seg89.npy,A,89,B,0.7123858499745341,0.0024972203161514888,0.2784280771131372,0.006688852596177094
第3问/outputs/target_segments_wave/A_seg90.npy,A,90,B,0.7123858499745341,0.0024972203161514888,0.2784280771131372,0.006688852596177094
第3问/outputs/target_segments_wave/A_seg91.npy,A,91,B,0.7389108266696351,0.002497268159190579,0.25176996412703795,0.006821941044136434
第3问/outputs/target_segments_wave/A_seg92.npy,A,92,B,0.7416518281746781,0.0023355902064470945,0.24878096144208722,0.007231620176787614
第3问/outputs/target_segments_wave/A_seg93.npy,A,93,B,0.7132467768682641,0.0026300783696784247,0.27712896440093454,0.006994180361122992
第3问/outputs/target_segments_wave/A_seg94.npy,A,94,B,0.7255607139779607,0.002215889332615338,0.2656799729494052,0.006543423740018624
第3问/outputs/target_segments_wave/A_seg95.npy,A,95,B,0.793683721600196,0.0019598261310148526,0.1992302551725139,0.005126197096275296
第3问/outputs/target_segments_wave/A_seg96.npy,A,96,B,0.7690167088229128,0.002023500040664195,0.2246629250708779,0.004296866065545037
第3问/outputs/target_segments_wave/A_seg97.npy,A,97,B,0.7125162621002539,0.0024976774670197035,0.278479047240348,0.006507013192378437
第3问/outputs/target_segments_wave/A_seg98.npy,A,98,B,0.7488771295790543,0.0020712456428835374,0.2413121214193399,0.007739503358722237
第3问/outputs/target_segments_wave/A_seg99.npy,A,99,B,0.7626237341904619,0.002214468489978006,0.2298131586572506,0.005348638662309626
第3问/outputs/target_segments_wave/A_seg100.npy,A,100,B,0.7272193710095038,0.002770042401795784,0.26495442249355505,0.005056164095145313
第3问/outputs/target_segments_wave/A_seg101.npy,A,101,B,0.7054002917365653,0.00238019612546189,0.28421681442396124,0.008002697714011586
第3问/outputs/target_segments_wave/A_seg102.npy,A,102,B,0.7409750524745691,0.0024775242329668793,0.249779417946095,0.0067680053463691926
第3问/outputs/target_segments_wave/A_seg103.npy,A,103,B,0.7470250817894475,0.002161105330119625,0.24544265333449114,0.005371159545941808
第3问/outputs/target_segments_wave/A_seg104.npy,A,104,B,0.7108415159578403,0.002522738048009852,0.27991126191772253,0.006724484076427304
第3问/outputs/target_segments_wave/A_seg105.npy,A,105,B,0.7412655322789246,0.002118145242681101,0.24946569104753824,0.007150631430856112
第3问/outputs/target_segments_wave/A_seg106.npy,A,106,B,0.7068577896854993,0.0025547080420637285,0.2834585035293446,0.007128998743092424
第3问/outputs/target_segments_wave/A_seg107.npy,A,107,B,0.7485883405675217,0.002458825591875754,0.2429544444684279,0.005998389372174719
第3问/outputs/target_segments_wave/A_seg108.npy,A,108,B,0.7584743889192428,0.0022022108828577626,0.23360031393915287,0.0057230862587464345
第3问/outputs/target_segments_wave/A_seg109.npy,A,109,B,0.7417071666049269,0.002079029187597423,0.2501252317706364,0.006088572436839399
第3问/outputs/target_segments_wave/A_seg110.npy,A,110,B,0.7646717261864433,0.002141417729228546,0.22774544637452795,0.005441409709800166
第3问/outputs/target_segments_wave/A_seg111.npy,A,111,B,0.7720417161601218,0.0021840279995221086,0.21995302491512855,0.005821230925227419
第3问/outputs/target_segments_wave/A_seg112.npy,A,112,B,0.8456315524160206,0.0013691553348218954,0.14923282131164056,0.003766470937516928
第3问/outputs/target_segments_wave/A_seg113.npy,A,113,B,0.765542607456022,0.002128300278530697,0.22685866558641737,0.005470426679029945
第3问/outputs/target_segments_wave/A_seg114.npy,A,114,B,0.7646717261864433,0.002141417729228546,0.22774544637452795,0.005441409709800166
第3问/outputs/target_segments_wave/A_seg115.npy,A,115,B,0.7646717261864433,0.002141417729228546,0.22774544637452795,0.005441409709800166
第3问/outputs/target_segments_wave/A_seg116.npy,A,116,B,0.7599437398331402,0.002194196182733376,0.23222865655884523,0.0056334074252811376
第3问/outputs/target_segments_wave/A_seg117.npy,A,117,B,0.7588275211463021,0.002210726272362085,0.23321444574057668,0.0057473068407588685
第3问/outputs/target_segments_wave/A_seg118.npy,A,118,B,0.7485653251301958,0.0022054425721973387,0.24239805739696904,0.006831174900637744
第3问/outputs/target_segments_wave/A_seg119.npy,A,119,B,0.7139983652902189,0.002240646058577334,0.2758927214121995,0.007868267239004405
第3问/outputs/target_segments_wave/A_seg120.npy,A,120,B,0.6731078081337445,0.0028628056804909344,0.3161109946750437,0.00791839151072092
第3问/outputs/target_segments_wave/A_seg121.npy,A,121,B,0.7480028369284513,0.0019690737614362743,0.24294016258821224,0.007087926721900297
第3问/outputs/target_segments_wave/A_seg122.npy,A,122,B,0.7103216624837454,0.0029359127231446394,0.27872981141049363,0.008012613382616406
第3问/outputs/target_segments_wave/A_seg123.npy,A,123,B,0.7469345523384208,0.0022616115646662107,0.2454129089668567,0.005390927130056184
第3问/outputs/target_segments_wave/B_seg0.npy,B,0,B,0.7603169298952885,0.0021641297389953617,0.23181705952590673,0.005701880839809232
第3问/outputs/target_segments_wave/B_seg1.npy,B,1,B,0.8650507924473996,0.0011500832672259468,0.13073874716179162,0.003060377123582705
第3问/outputs/target_segments_wave/B_seg2.npy,B,2,B,0.7124898687146123,0.0024975849467951112,0.27846873167945785,0.0065438146591346134
第3问/outputs/target_segments_wave/B_seg3.npy,B,3,B,0.8142394466453954,0.0013754583125127312,0.18054215929601655,0.003842935746075368
第3问/outputs/target_segments_wave/B_seg4.npy,B,4,B,0.8117342223351843,0.0012704377113902823,0.18288950524916914,0.0041058347042562966
第3问/outputs/target_segments_wave/B_seg5.npy,B,5,B,0.8244709569099362,0.0012836294845730777,0.169851295710767,0.004394117894723907
第3问/outputs/target_segments_wave/B_seg6.npy,B,6,B,0.7024447592431651,0.003080898374256617,0.28613908382974346,0.008335258552835009
第3问/outputs/target_segments_wave/B_seg7.npy,B,7,N,0.0022847663838528507,7.56492983613046e-06,0.997611532542265,9.613614404587991e-05
第3问/outputs/target_segments_wave/B_seg8.npy,B,8,B,0.8389329439029048,0.0010730094976764692,0.15652963141204215,0.0034644151873766474
第3问/outputs/target_segments_wave/B_seg9.npy,B,9,N,0.017064947399118405,1.9688544293813723e-05,0.982721848524702,0.00019351553188564244
第3问/outputs/target_segments_wave/B_seg10.npy,B,10,B,0.7011833294635014,0.002610749093361911,0.2894349757979905,0.00677094564514631
第3问/outputs/target_segments_wave/B_seg11.npy,B,11,B,0.696199591281053,0.0022232949500700728,0.29095412063353826,0.010622993135338666
第3问/outputs/target_segments_wave/B_seg12.npy,B,12,B,0.6767968546060215,0.0023944638053234745,0.30651496854769283,0.014293713040962127
第3问/outputs/target_segments_wave/B_seg13.npy,B,13,B,0.7799915580111958,0.0015671836139302823,0.21345631466305726,0.004984943711816794
第3问/outputs/target_segments_wave/B_seg14.npy,B,14,B,0.7601944105012398,0.0023995170986424383,0.23177970393832673,0.005626368461790891
第3问/outputs/target_segments_wave/B_seg15.npy,B,15,B,0.8381357791704556,0.0011559112260536453,0.15721273547369308,0.003495574129797723
第3问/outputs/target_segments_wave/B_seg16.npy,B,16,B,0.8441930535782751,0.0011561192050736128,0.15110233419228794,0.003548493024363359
第3问/outputs/target_segments_wave/B_seg17.npy,B,17,B,0.8415508404244324,0.0011982812331460767,0.15361234828611756,0.0036385300563038757
第3问/outputs/target_segments_wave/B_seg18.npy,B,18,B,0.8388176972311088,0.0013982738958761792,0.1563317079331206,0.003452320939894352
第3问/outputs/target_segments_wave/B_seg19.npy,B,19,B,0.7821816525324315,0.001568199290733749,0.21149944625473965,0.004750701922095208
第3问/outputs/target_segments_wave/B_seg20.npy,B,20,B,0.8118182655188061,0.0012705692465983843,0.18290844077738666,0.004002724457208898
第3问/outputs/target_segments_wave/B_seg21.npy,B,21,B,0.7555032398381479,0.002485758626844856,0.2348975711216103,0.007113430413397059
第3问/outputs/target_segments_wave/B_seg22.npy,B,22,B,0.8171666828752222,0.00146552949331612,0.17733240415470275,0.004035383476758951
第3问/outputs/target_segments_wave/B_seg23.npy,B,23,B,0.8468559444899091,0.0008415958351948361,0.14765737308386168,0.004645086591034477
第3问/outputs/target_segments_wave/B_seg24.npy,B,24,B,0.8492470069094168,0.001230115665052865,0.1452388058942441,0.004284071531286167
第3问/outputs/target_segments_wave/B_seg25.npy,B,25,B,0.8348809353714701,0.0011317307907884992,0.16026575889118969,0.003721574946551645
第3问/outputs/target_segments_wave/B_seg26.npy,B,26,N,0.012059071048708797,1.13939608510412e-05,0.987829246252996,0.00010028873744427105
第3问/outputs/target_segments_wave/B_seg27.npy,B,27,N,0.0030495411231271415,1.0854081145702269e-05,0.9968206985659783,0.00011890622974877147
第3问/outputs/target_segments_wave/B_seg28.npy,B,28,B,0.8401666368467118,0.001125296140691662,0.15464160945408925,0.004066457558507366
第3问/outputs/target_segments_wave/B_seg29.npy,B,29,B,0.7325203568514401,0.002240376421673087,0.25730769228232947,0.007931574444557271
第3问/outputs/target_segments_wave/B_seg30.npy,B,30,B,0.8444107012981265,0.0011110840691317524,0.15111590052274299,0.003362314109998874
第3问/outputs/target_segments_wave/B_seg31.npy,B,31,B,0.7638937440002018,0.0020932458073698247,0.22713279278441437,0.0068802174080140124
第3问/outputs/target_segments_wave/B_seg32.npy,B,32,B,0.8116343018658323,0.0012702813267893725,0.1828669924553245,0.004228424352053944
第3问/outputs/target_segments_wave/B_seg33.npy,B,33,B,0.8290694594764572,0.0010563873832454636,0.16619175827874758,0.0036823948615497806
第3问/outputs/target_segments_wave/B_seg34.npy,B,34,N,0.06655288743799578,0.00021143341657160023,0.9311336285289724,0.0021020506164602655
第3问/outputs/target_segments_wave/B_seg35.npy,B,35,B,0.872647802137271,0.0012069636678258724,0.12227661942940675,0.003868614765496219
第3问/outputs/target_segments_wave/B_seg36.npy,B,36,B,0.7995452267910256,0.0020579121784982473,0.1919121139734988,0.006484747056977245
第3问/outputs/target_segments_wave/B_seg37.npy,B,37,B,0.7323907381809179,0.0022399799895322864,0.25726216196951723,0.008107119860032567
第3问/outputs/target_segments_wave/B_seg38.npy,B,38,B,0.8161858471929639,0.0012774049082148978,0.1785124887869629,0.004024259111858282
第3问/outputs/target_segments_wave/B_seg39.npy,B,39,B,0.8545782597413956,0.0011354598042686188,0.14125244610603974,0.0030338343482959277
第3问/outputs/target_segments_wave/B_seg40.npy,B,40,B,0.8535580926748455,0.0011117071858862734,0.14195415945738468,0.003376040681883577
第3问/outputs/target_segments_wave/B_seg41.npy,B,41,B,0.7860136264642444,0.0011902160663022374,0.2066106547607427,0.006185502708710698
第3问/outputs/target_segments_wave/B_seg42.npy,B,42,B,0.8622756519701092,0.0012126381657391896,0.1332918885757942,0.0032198212883573405
第3问/outputs/target_segments_wave/B_seg43.npy,B,43,B,0.8663560549115982,0.0011360161958650274,0.12959920632968475,0.0029087225628518475
第3问/outputs/target_segments_wave/B_seg44.npy,B,44,B,0.7309254362292172,0.002665430259137092,0.25812582293313163,0.008283310578513933
第3问/outputs/target_segments_wave/B_seg45.npy,B,45,B,0.768137535495534,0.002474891267564734,0.2236000108790116,0.0057875623578898154
第3问/outputs/target_segments_wave/B_seg46.npy,B,46,B,0.7398087761076925,0.0026362139282084312,0.24938080025003634,0.008174209714062719
第3问/outputs/target_segments_wave/B_seg47.npy,B,47,B,0.7992927504773728,0.00205641717221341,0.19162190652669214,0.007028925823721724
第3问/outputs/target_segments_wave/B_seg48.npy,B,48,B,0.7879724840288714,0.0020615003627598126,0.2028588324925333,0.0071071831158354675
第3问/outputs/target_segments_wave/B_seg49.npy,B,49,B,0.8439523622462957,0.001220238130073847,0.15109786610322098,0.003729533520409391
第3问/outputs/target_segments_wave/B_seg50.npy,B,50,B,0.8515565399635858,0.0012235427372652063,0.14350691877283406,0.0037129985263148757
第3问/outputs/target_segments_wave/B_seg51.npy,B,51,B,0.8644216751261039,0.0014691438378257608,0.12484323585112145,0.009265945184948754
第3问/outputs/target_segments_wave/B_seg52.npy,B,52,B,0.8415508404244324,0.0011982812331460767,0.15361234828611756,0.0036385300563038757
第3问/outputs/target_segments_wave/B_seg53.npy,B,53,B,0.8289265161382187,0.0015366552526399641,0.15899314070903206,0.01054368790010954
第3问/outputs/target_segments_wave/B_seg54.npy,B,54,B,0.8301494608754786,0.0014119352290348885,0.16456122101218332,0.003877382883303103
第3问/outputs/target_segments_wave/B_seg55.npy,B,55,B,0.7741299941288473,0.0021665688968254384,0.21819472215926794,0.005508714815059335
第3问/outputs/target_segments_wave/B_seg56.npy,B,56,B,0.739549444333669,0.0026253725169510292,0.25018405602103827,0.007641127128341667
第3问/outputs/target_segments_wave/B_seg57.npy,B,57,N,0.08784423598878913,0.00011175321251063408,0.9111617830188815,0.0008822277798187437
第3问/outputs/target_segments_wave/B_seg58.npy,B,58,B,0.739549444333669,0.0026253725169510292,0.25018405602103827,0.007641127128341667
第3问/outputs/target_segments_wave/B_seg59.npy,B,59,B,0.6957144342996453,0.0021760332357491172,0.289053607513352,0.013055924951253704
第3问/outputs/target_segments_wave/B_seg60.npy,B,60,B,0.8161125645178493,0.001277290214178974,0.17849646073065112,0.004113684537320625
第3问/outputs/target_segments_wave/B_seg61.npy,B,61,B,0.8581335238651657,0.0011401836074546733,0.13769038732002603,0.003035905207353539
第3问/outputs/target_segments_wave/B_seg62.npy,B,62,B,0.7515988530937074,0.0019976100683126393,0.23915281933996932,0.007250717498010687
第3问/outputs/target_segments_wave/B_seg63.npy,B,63,B,0.8481306242260414,0.0011861891360528285,0.14747228269500146,0.0032109039429043832
第3问/outputs/target_segments_wave/B_seg64.npy,B,64,B,0.8161858471929639,0.0012774049082148978,0.1785124887869629,0.004024259111858282
第3问/outputs/target_segments_wave/B_seg65.npy,B,65,B,0.7070045176088661,0.0025552383425163656,0.2835173431972246,0.006922900851393091
第3问/outputs/target_segments_wave/B_seg66.npy,B,66,B,0.8445988071401948,0.0012146684483645166,0.15040819168606193,0.00377833272537899
第3问/outputs/target_segments_wave/B_seg67.npy,B,67,B,0.8307552676765979,0.001200308919924859,0.1591747825565701,0.008869640846907004
第3问/outputs/target_segments_wave/B_seg68.npy,B,68,B,0.828277404088349,0.0011968649875820656,0.167074628987074,0.003451101936994875
第3问/outputs/target_segments_wave/B_seg69.npy,B,69,B,0.7741299941288473,0.0021665688968254384,0.21819472215926794,0.005508714815059335
第3问/outputs/target_segments_wave/B_seg70.npy,B,70,B,0.8117342223351843,0.0012704377113902823,0.18288950524916914,0.0041058347042562966
第3问/outputs/target_segments_wave/B_seg71.npy,B,71,B,0.8118069727558527,0.0012705515723997031,0.1829058964374135,0.0040165792343342475
第3问/outputs/target_segments_wave/B_seg72.npy,B,72,B,0.8304485353837314,0.0011613931308156595,0.16418699808834103,0.004203073397112082
第3问/outputs/target_segments_wave/B_seg73.npy,B,73,B,0.7443479020047266,0.002332963413326742,0.24499559616490826,0.008323538417038378
第3问/outputs/target_segments_wave/B_seg74.npy,B,74,B,0.8245591442927741,0.0012905098779347542,0.16986946341105386,0.0042808824182372605
第3问/outputs/target_segments_wave/B_seg75.npy,B,75,B,0.8267742546192568,0.0011873962808423364,0.16755757186113385,0.004480777238767099
第3问/outputs/target_segments_wave/B_seg76.npy,B,76,B,0.828710198115506,0.0016471748535460402,0.16436016193008854,0.0052824651008594814
第3问/outputs/target_segments_wave/B_seg77.npy,B,77,B,0.8345689610822759,0.0012245876293175623,0.160330547723634,0.003875903564772634
第3问/outputs/target_segments_wave/B_seg78.npy,B,78,B,0.854541056675904,0.0011789442043017287,0.14124629684592993,0.0030337022738642838
第3问/outputs/target_segments_wave/B_seg79.npy,B,79,B,0.8700667357071464,0.0011672597138562986,0.12565100302093007,0.003115001558067031
第3问/outputs/target_segments_wave/B_seg80.npy,B,80,B,0.7877323600887733,0.0020997116870926104,0.2031915355431045,0.006976392681029558
第3问/outputs/target_segments_wave/B_seg81.npy,B,81,B,0.8432747842235067,0.001405703672827347,0.15184884713645122,0.0034706649672146847
第3问/outputs/target_segments_wave/B_seg82.npy,B,82,B,0.845322055265429,0.0010423142563527658,0.15047151139789539,0.003164119080322836
第3问/outputs/target_segments_wave/B_seg83.npy,B,83,B,0.787562468250036,0.0021692088813028442,0.20500086261799377,0.005267460250667536
第3问/outputs/target_segments_wave/B_seg84.npy,B,84,B,0.8606932433014448,0.0013476967747078827,0.13446648875310202,0.0034925711707454003
第3问/outputs/target_segments_wave/B_seg85.npy,B,85,B,0.8611028327410578,0.0011441288644707527,0.13469604118958667,0.0030569972048847785
第3问/outputs/target_segments_wave/B_seg86.npy,B,86,B,0.77913992975992,0.002008345933453492,0.21242133911634836,0.0064303851902782795
第3问/outputs/target_segments_wave/B_seg87.npy,B,87,B,0.7365588456172282,0.002073682725071541,0.2526110744808801,0.008756397176820172
第3问/outputs/target_segments_wave/B_seg88.npy,B,88,B,0.7692700263041248,0.002379479545581862,0.22263965908051642,0.005710835069776788
第3问/outputs/target_segments_wave/B_seg89.npy,B,89,B,0.802526056009223,0.0014175367342625519,0.19187416679989286,0.004182240456621606
第3问/outputs/target_segments_wave/B_seg90.npy,B,90,B,0.7783502672785425,0.002254144835506211,0.21289643039865214,0.006499157487299273
第3问/outputs/target_segments_wave/B_seg91.npy,B,91,B,0.7661268729800288,0.002505865161394699,0.22281958688307282,0.00854767497550363
第3问/outputs/target_segments_wave/B_seg92.npy,B,92,B,0.8552881769670281,0.0010619250768077147,0.140230169905492,0.003419728050672279
第3问/outputs/target_segments_wave/B_seg93.npy,B,93,B,0.8526497823590995,0.0011510829498069125,0.14310772626378293,0.0030914084273107197
第3问/outputs/target_segments_wave/B_seg94.npy,B,94,B,0.856533898274408,0.0011021066968319921,0.1392499554439788,0.003114039584781293
第3问/outputs/target_segments_wave/B_seg95.npy,B,95,B,0.8532662557543004,0.001125848999277192,0.1421496679307972,0.0034582273156253843
第3问/outputs/target_segments_wave/B_seg96.npy,B,96,B,0.7108039013120743,0.0025102372442659844,0.27987940210893275,0.006806459334727042
第3问/outputs/target_segments_wave/B_seg97.npy,B,97,B,0.7324548671864777,0.0022401761248487424,0.2572846881509054,0.008020268537768393
第3问/outputs/target_segments_wave/B_seg98.npy,B,98,B,0.7540716291122356,0.001908493016679588,0.2381137202777493,0.005906157593335475
第3问/outputs/target_segments_wave/B_seg99.npy,B,99,B,0.7602363994632668,0.0023444151297040187,0.23179250617556085,0.005626679231468264
第3问/outputs/target_segments_wave/B_seg100.npy,B,100,B,0.8246619154582878,0.0012906707241338174,0.16989063555238632,0.0041567782651920826
第3问/outputs/target_segments_wave/B_seg101.npy,B,101,B,0.7823686161005465,0.0015685741347791977,0.2115500006125389,0.004512809152135567
第3问/outputs/target_segments_wave/B_seg102.npy,B,102,B,0.8256087233183035,0.0014008427153003916,0.16901075735581747,0.003979676610578517
第3问/outputs/target_segments_wave/B_seg103.npy,B,103,B,0.7290016416050916,0.0027166384498264547,0.26113135832022655,0.007150361624855229
第3问/outputs/target_segments_wave/B_seg104.npy,B,104,B,0.7127236049961052,0.00245056497166886,0.2776967619342004,0.0071290680980255604
第3问/outputs/target_segments_wave/B_seg105.npy,B,105,B,0.7813117621035012,0.002559830534828142,0.19958099206079136,0.01654741530087943
第3问/outputs/target_segments_wave/B_seg106.npy,B,106,N,0.025141772239368778,1.7555901505410053e-05,0.974452456847851,0.0003882150112748404
第3问/outputs/target_segments_wave/B_seg107.npy,B,107,B,0.7899178278274286,0.0009513634757002318,0.1951320775585134,0.01399873113835772
第3问/outputs/target_segments_wave/B_seg108.npy,B,108,B,0.8314500527637702,0.0013859923417711784,0.16374195695961805,0.0034219979348406307
第3问/outputs/target_segments_wave/B_seg109.npy,B,109,B,0.8518057244288851,0.00119132910365923,0.1437781291091,0.0032248173583557453
第3问/outputs/target_segments_wave/B_seg110.npy,B,110,B,0.7323238110444651,0.002239775296274172,0.2572386529067715,0.008197760752489274
第3问/outputs/target_segments_wave/B_seg111.npy,B,111,B,0.8534230371090331,0.0011449588917292642,0.14234635626247524,0.003085647736762338
第3问/outputs/target_segments_wave/B_seg112.npy,B,112,B,0.8310442006866656,0.0011351364647377163,0.1642242470331211,0.003596415815475448
第3问/outputs/target_segments_wave/B_seg113.npy,B,113,B,0.8344801579386113,0.0011670314076525441,0.16013200935834232,0.004220801295393832
第3问/outputs/target_segments_wave/B_seg114.npy,B,114,B,0.7788532976145556,0.002007607097614701,0.21234319296849163,0.006795902319338236
第3问/outputs/target_segments_wave/B_seg115.npy,B,115,B,0.8406610887189712,0.001106150291296262,0.15497896807678133,0.0032537929129512573
第3问/outputs/target_segments_wave/B_seg116.npy,B,116,B,0.8123374138817162,0.001384081994136109,0.18229738743796645,0.0039811166861811005
第3问/outputs/target_segments_wave/B_seg117.npy,B,117,B,0.8507110937977397,0.0011302390177901623,0.14479297655251983,0.003365690631950428
第3问/outputs/target_segments_wave/B_seg118.npy,B,118,B,0.8259897315938975,0.0011551574354383715,0.16867460451032598,0.004180506460338168
第3问/outputs/target_segments_wave/B_seg119.npy,B,119,B,0.8403362293623707,0.001104608143911132,0.15477106606808314,0.003788096425634833
第3问/outputs/target_segments_wave/B_seg120.npy,B,120,B,0.8140928278546781,0.0012341343655870038,0.1802067143765496,0.004466323403185227
第3问/outputs/target_segments_wave/B_seg121.npy,B,121,B,0.8114052817328911,0.0012699228895009715,0.18281539258722332,0.004509402790384661
第3问/outputs/target_segments_wave/B_seg122.npy,B,122,B,0.8405392564955749,0.0011059899832348953,0.15495650785765877,0.0033982456635313608
第3问/outputs/target_segments_wave/B_seg123.npy,B,123,B,0.8117342223351843,0.0012704377113902823,0.18288950524916914,0.0041058347042562966
第3问/outputs/target_segments_wave/C_seg0.npy,C,0,B,0.7978601813687278,0.0012000503538853033,0.14593271586697856,0.05500705241040832
第3问/outputs/target_segments_wave/C_seg1.npy,C,1,B,0.8118776079013459,0.0010043608477772305,0.1629883368653598,0.02412969438551712
第3问/outputs/target_segments_wave/C_seg2.npy,C,2,B,0.8683133613232187,0.0006853970439346007,0.11547523822912761,0.015526003403719166
第3问/outputs/target_segments_wave/C_seg3.npy,C,3,B,0.7943309896738212,0.0012626209698395816,0.13480624258922533,0.06960014676711401
第3问/outputs/target_segments_wave/C_seg4.npy,C,4,B,0.48901771357955415,0.00036316465508587744,0.4768591354510515,0.03375998631430865
第3问/outputs/target_segments_wave/C_seg5.npy,C,5,B,0.799837465260259,0.0011495059854284271,0.14538445624444682,0.05362857250986572
第3问/outputs/target_segments_wave/C_seg6.npy,C,6,B,0.8127654520857059,0.0012341674107450749,0.1631665758580307,0.02283380464551832
第3问/outputs/target_segments_wave/C_seg7.npy,C,7,B,0.7724586115436097,0.0027708973525895093,0.18875707805050157,0.03601341305329914
第3问/outputs/target_segments_wave/C_seg8.npy,C,8,B,0.7943955825059825,0.0011814063669404085,0.1348172046656331,0.06960580646144417
第3问/outputs/target_segments_wave/C_seg9.npy,C,9,B,0.8233842867642297,0.0009311179822102618,0.1133516903631029,0.06233290489045698
第3问/outputs/target_segments_wave/C_seg10.npy,C,10,B,0.8118776079013459,0.0010043608477772305,0.1629883368653598,0.02412969438551712
第3问/outputs/target_segments_wave/C_seg11.npy,C,11,B,0.7249953186691704,0.0021166058580262296,0.2507355773141047,0.02215249815869854
第3问/outputs/target_segments_wave/C_seg12.npy,C,12,N,0.1584830311784823,0.0003853494600648828,0.7888750797290398,0.0522565396324129
第3问/outputs/target_segments_wave/C_seg13.npy,C,13,N,0.24549644857226452,0.0005331483126426775,0.6635171345683943,0.0904532685466984
第3问/outputs/target_segments_wave/C_seg14.npy,C,14,N,0.15103773071503376,0.00042284972057239547,0.8116752837558625,0.03686413580853133
第3问/outputs/target_segments_wave/C_seg15.npy,C,15,B,0.791676963076554,0.001444530323151232,0.17473839902509952,0.0321401075751951
第3问/outputs/target_segments_wave/C_seg16.npy,C,16,B,0.8162571198656419,0.0010871899775220665,0.1308044689614902,0.051851221195345715
第3问/outputs/target_segments_wave/C_seg17.npy,C,17,B,0.7819610209556228,0.0012342987914375587,0.16110387287164163,0.055700807381297936
第3问/outputs/target_segments_wave/C_seg18.npy,C,18,B,0.742211348517126,0.0028089311627164716,0.21298686225168736,0.041992858068470064
第3问/outputs/target_segments_wave/C_seg19.npy,C,19,B,0.7917494848577521,0.0012246660106733985,0.13436813433334177,0.07265771479823285
第3问/outputs/target_segments_wave/C_seg20.npy,C,20,B,0.7842172875935696,0.002549324085594019,0.16622080884771545,0.047012579473120965
第3问/outputs/target_segments_wave/C_seg21.npy,C,21,B,0.7873849267827713,0.00255962140880693,0.16689221402647977,0.04316323778194211
第3问/outputs/target_segments_wave/C_seg22.npy,C,22,N,0.09507916780769098,0.00041516666210761387,0.8940687613695995,0.01043690416060202
第3问/outputs/target_segments_wave/C_seg23.npy,C,23,N,0.07425430904862487,0.00016956739851096958,0.9066489369650192,0.018927186587844907
第3问/outputs/target_segments_wave/C_seg24.npy,C,24,N,0.12662958385131914,0.00035020023960839134,0.8132923430097769,0.059727872899295424
第3问/outputs/target_segments_wave/C_seg25.npy,C,25,B,0.8117450934496718,0.0010523787059207004,0.14033427872802923,0.046868249116378276
第3问/outputs/target_segments_wave/C_seg26.npy,C,26,B,0.7671398474626551,0.002673911639062125,0.18813809718227803,0.042048143716004696
第3问/outputs/target_segments_wave/C_seg27.npy,C,27,B,0.8846510624251891,0.0006795089461141918,0.10516845677016769,0.009500971858529115
第3问/outputs/target_segments_wave/C_seg28.npy,C,28,B,0.7967029910722235,0.001232328018430325,0.13520879593297225,0.06685588497637403
第3问/outputs/target_segments_wave/C_seg29.npy,C,29,B,0.7943955825059825,0.0011814063669404085,0.1348172046656331,0.06960580646144417
第3问/outputs/target_segments_wave/C_seg30.npy,C,30,B,0.6991563637979876,0.002156985223824885,0.2757353776134784,0.022951273364709007
第3问/outputs/target_segments_wave/C_seg31.npy,C,31,B,0.7964645259953553,0.000742719152216563,0.18396350959281496,0.01882924525961307
第3问/outputs/target_segments_wave/C_seg32.npy,C,32,B,0.8263902081351309,0.000777243653443955,0.14313810549880088,0.029694442712624426
第3问/outputs/target_segments_wave/C_seg33.npy,C,33,B,0.7586613786659379,0.0026443594309843526,0.18605878531794245,0.05263547658513531
第3问/outputs/target_segments_wave/C_seg34.npy,C,34,B,0.7640524868544892,0.0027236014684786885,0.1873809338670663,0.045842977809965775
第3问/outputs/target_segments_wave/C_seg35.npy,C,35,B,0.8598459777968921,0.0012501297963630682,0.1282532133123873,0.010650679094357546
第3问/outputs/target_segments_wave/C_seg36.npy,C,36,B,0.8032381816056728,0.0011841007445386337,0.16151191202586396,0.034065805623924514
第3问/outputs/target_segments_wave/C_seg37.npy,C,37,B,0.7873849267827713,0.00255962140880693,0.16689221402647977,0.04316323778194211
第3问/outputs/target_segments_wave/C_seg38.npy,C,38,B,0.8021308131221513,0.0012064737514513,0.14671383629985404,0.04994887682654334
第3问/outputs/target_segments_wave/C_seg39.npy,C,39,B,0.8269625784153334,0.0008911988835817099,0.12690761635952644,0.045238606341558324
第3问/outputs/target_segments_wave/C_seg40.npy,C,40,B,0.7975483220430353,0.0012001482050744683,0.1305910584854041,0.07066047126648614
第3问/outputs/target_segments_wave/C_seg41.npy,C,41,B,0.8148912567005804,0.0012266860734971928,0.13515106910127694,0.04873098812464553
第3问/outputs/target_segments_wave/C_seg42.npy,C,42,B,0.8103004227588586,0.0011016567682709092,0.12883638900184255,0.05976153147102794
第3问/outputs/target_segments_wave/C_seg43.npy,C,43,B,0.7956810219684366,0.0007274357897987722,0.18378253963637914,0.019809002605385397
第3问/outputs/target_segments_wave/C_seg44.npy,C,44,B,0.7427572517395018,0.0012411461997006929,0.20095379116187279,0.05504781089892484
第3问/outputs/target_segments_wave/C_seg45.npy,C,45,B,0.7652752897335751,0.0011830162391659172,0.16147814960313372,0.07206354442412519
第3问/outputs/target_segments_wave/C_seg46.npy,C,46,B,0.8346820374662267,0.0007160425509978141,0.14991049148956995,0.014691428493205583
第3问/outputs/target_segments_wave/C_seg47.npy,C,47,B,0.7672725934985685,0.0011967285795542039,0.1937621410847284,0.037768536837149
第3问/outputs/target_segments_wave/C_seg48.npy,C,48,B,0.7840177520307752,0.001319303691053887,0.1627388234696413,0.051924120808529754
第3问/outputs/target_segments_wave/C_seg49.npy,C,49,B,0.7249827447800855,0.0023628545789223555,0.2507312287048687,0.021923171936123583
第3问/outputs/target_segments_wave/C_seg50.npy,C,50,B,0.8264315975659412,0.0010901328698030078,0.1620403689072742,0.010437900656981568
